score,time_step
22.0,22
19.0,41
25.0,66
14.0,80
24.0,104
14.0,118
24.0,142
11.0,153
35.0,188
12.0,200
14.0,214
48.0,262
12.0,274
13.0,287
18.0,305
28.0,333
38.0,371
30.0,401
9.0,410
14.0,424
32.0,456
22.0,478
16.0,494
13.0,507
29.0,536
26.0,562
16.0,578
34.0,612
12.0,624
14.0,638
19.0,657
36.0,693
49.0,742
32.0,774
14.0,788
15.0,803
64.0,867
12.0,879
20.0,899
66.0,965
25.0,990
11.0,1001
22.0,1023
30.0,1053
37.0,1090
21.0,1111
41.0,1152
19.0,1171
13.0,1184
10.0,1194
31.0,1225
41.0,1266
66.0,1332
45.0,1377
22.0,1399
17.0,1416
55.0,1471
25.0,1496
43.0,1539
16.0,1555
25.0,1580
11.0,1591
13.0,1604
31.0,1635
13.0,1648
25.0,1673
15.0,1688
27.0,1715
46.0,1761
13.0,1774
17.0,1791
35.0,1826
31.0,1857
12.0,1869
68.0,1937
20.0,1957
12.0,1969
25.0,1994
44.0,2038
18.0,2056
18.0,2074
24.0,2098
81.0,2179
23.0,2202
36.0,2238
20.0,2258
13.0,2271
21.0,2292
41.0,2333
11.0,2344
22.0,2366
17.0,2383
13.0,2396
61.0,2457
16.0,2473
37.0,2510
9.0,2519
14.0,2533
14.0,2547
18.0,2565
18.0,2583
25.0,2608
16.0,2624
19.0,2643
18.0,2661
54.0,2715
16.0,2731
41.0,2772
11.0,2783
27.0,2810
38.0,2848
27.0,2875
47.0,2922
30.0,2952
55.0,3007
15.0,3022
24.0,3046
10.0,3056
17.0,3073
15.0,3088
14.0,3102
12.0,3114
34.0,3148
11.0,3159
14.0,3173
30.0,3203
14.0,3217
20.0,3237
40.0,3277
26.0,3303
20.0,3323
18.0,3341
15.0,3356
20.0,3376
18.0,3394
14.0,3408
32.0,3440
12.0,3452
22.0,3474
15.0,3489
18.0,3507
12.0,3519
102.0,3621
37.0,3658
37.0,3695
26.0,3721
29.0,3750
35.0,3785
29.0,3814
12.0,3826
26.0,3852
27.0,3879
43.0,3922
10.0,3932
23.0,3955
17.0,3972
13.0,3985
10.0,3995
12.0,4007
14.0,4021
19.0,4040
44.0,4084
11.0,4095
16.0,4111
22.0,4133
29.0,4162
24.0,4186
14.0,4200
30.0,4230
17.0,4247
37.0,4284
19.0,4303
17.0,4320
15.0,4335
25.0,4360
25.0,4385
13.0,4398
45.0,4443
83.0,4526
26.0,4552
9.0,4561
12.0,4573
15.0,4588
13.0,4601
16.0,4617
13.0,4630
10.0,4640
54.0,4694
69.0,4763
21.0,4784
31.0,4815
17.0,4832
56.0,4888
35.0,4923
12.0,4935
23.0,4958
22.0,4980
13.0,4993
15.0,5008
15.0,5023
13.0,5036
15.0,5051
28.0,5079
27.0,5106
46.0,5152
34.0,5186
27.0,5213
22.0,5235
68.0,5303
13.0,5316
9.0,5325
18.0,5343
179.0,5522
12.0,5534
28.0,5562
74.0,5636
22.0,5658
13.0,5671
14.0,5685
15.0,5700
26.0,5726
15.0,5741
61.0,5802
38.0,5840
13.0,5853
13.0,5866
20.0,5886
15.0,5901
29.0,5930
10.0,5940
14.0,5954
16.0,5970
24.0,5994
58.0,6052
21.0,6073
33.0,6106
9.0,6115
53.0,6168
59.0,6227
15.0,6242
14.0,6256
68.0,6324
14.0,6338
55.0,6393
14.0,6407
9.0,6416
21.0,6437
16.0,6453
132.0,6585
13.0,6598
10.0,6608
14.0,6622
43.0,6665
18.0,6683
17.0,6700
15.0,6715
11.0,6726
18.0,6744
70.0,6814
104.0,6918
27.0,6945
44.0,6989
17.0,7006
63.0,7069
60.0,7129
32.0,7161
36.0,7197
56.0,7253
12.0,7265
30.0,7295
62.0,7357
22.0,7379
14.0,7393
16.0,7409
17.0,7426
15.0,7441
14.0,7455
99.0,7554
58.0,7612
16.0,7628
52.0,7680
26.0,7706
115.0,7821
31.0,7852
22.0,7874
35.0,7909
119.0,8028
68.0,8096
76.0,8172
82.0,8254
24.0,8278
23.0,8301
14.0,8315
24.0,8339
70.0,8409
79.0,8488
103.0,8591
11.0,8602
60.0,8662
17.0,8679
33.0,8712
13.0,8725
61.0,8786
14.0,8800
22.0,8822
11.0,8833
16.0,8849
15.0,8864
228.0,9092
20.0,9112
38.0,9150
42.0,9192
71.0,9263
88.0,9351
27.0,9378
43.0,9421
44.0,9465
103.0,9568
115.0,9683
213.0,9896
51.0,9947
62.0,10009
18.0,10027
43.0,10070
30.0,10100
65.0,10165
12.0,10177
129.0,10306
59.0,10365
22.0,10387
29.0,10416
132.0,10548
88.0,10636
28.0,10664
149.0,10813
16.0,10829
12.0,10841
90.0,10931
84.0,11015
17.0,11032
30.0,11062
13.0,11075
69.0,11144
66.0,11210
104.0,11314
184.0,11498
19.0,11517
138.0,11655
162.0,11817
91.0,11908
213.0,12121
225.0,12346
31.0,12377
248.0,12625
33.0,12658
54.0,12712
122.0,12834
12.0,12846
77.0,12923
13.0,12936
19.0,12955
41.0,12996
106.0,13102
118.0,13220
16.0,13236
110.0,13346
49.0,13395
14.0,13409
111.0,13520
56.0,13576
16.0,13592
24.0,13616
15.0,13631
145.0,13776
226.0,14002
123.0,14125
120.0,14245
215.0,14460
109.0,14569
104.0,14673
10.0,14683
221.0,14904
225.0,15129
234.0,15363
28.0,15391
259.0,15650
253.0,15903
287.0,16190
131.0,16321
16.0,16337
245.0,16582
45.0,16627
282.0,16909
242.0,17151
277.0,17428
26.0,17454
242.0,17696
224.0,17920
227.0,18147
245.0,18392
259.0,18651
272.0,18923
234.0,19157
146.0,19303
150.0,19453
162.0,19615
163.0,19778
170.0,19948
161.0,20109
150.0,20259
161.0,20420
182.0,20602
190.0,20792
199.0,20991
200.0,21191
161.0,21352
180.0,21532
205.0,21737
179.0,21916
189.0,22105
234.0,22339
265.0,22604
242.0,22846
500.0,23346
500.0,23846
500.0,24346
500.0,24846
500.0,25346
500.0,25846
500.0,26346
500.0,26846
500.0,27346
500.0,27846
500.0,28346
500.0,28846
500.0,29346
500.0,29846
500.0,30346
500.0,30846
500.0,31346
500.0,31846
500.0,32346
500.0,32846
500.0,33346
500.0,33846
500.0,34346
500.0,34846
500.0,35346
122.0,35468
500.0,35968
500.0,36468
500.0,36968
449.0,37417
500.0,37917
397.0,38314
500.0,38814
490.0,39304
239.0,39543
158.0,39701
147.0,39848
152.0,40000
