score,time_step
14.0,14
22.0,36
32.0,68
16.0,84
14.0,98
12.0,110
22.0,132
13.0,145
19.0,164
34.0,198
16.0,214
38.0,252
48.0,300
10.0,310
15.0,325
11.0,336
17.0,353
18.0,371
22.0,393
16.0,409
22.0,431
17.0,448
35.0,483
13.0,496
12.0,508
14.0,522
19.0,541
11.0,552
23.0,575
14.0,589
26.0,615
18.0,633
30.0,663
18.0,681
10.0,691
17.0,708
23.0,731
12.0,743
43.0,786
12.0,798
20.0,818
26.0,844
10.0,854
17.0,871
43.0,914
19.0,933
20.0,953
23.0,976
15.0,991
14.0,1005
28.0,1033
67.0,1100
36.0,1136
9.0,1145
10.0,1155
15.0,1170
13.0,1183
10.0,1193
17.0,1210
36.0,1246
30.0,1276
38.0,1314
24.0,1338
39.0,1377
12.0,1389
26.0,1415
23.0,1438
62.0,1500
52.0,1552
26.0,1578
59.0,1637
36.0,1673
11.0,1684
66.0,1750
37.0,1787
19.0,1806
41.0,1847
17.0,1864
32.0,1896
18.0,1914
25.0,1939
20.0,1959
31.0,1990
15.0,2005
16.0,2021
29.0,2050
23.0,2073
34.0,2107
14.0,2121
32.0,2153
35.0,2188
24.0,2212
60.0,2272
31.0,2303
36.0,2339
13.0,2352
25.0,2377
21.0,2398
18.0,2416
52.0,2468
29.0,2497
16.0,2513
33.0,2546
32.0,2578
24.0,2602
16.0,2618
21.0,2639
22.0,2661
40.0,2701
28.0,2729
83.0,2812
173.0,2985
11.0,2996
26.0,3022
11.0,3033
15.0,3048
63.0,3111
57.0,3168
11.0,3179
14.0,3193
21.0,3214
17.0,3231
34.0,3265
28.0,3293
21.0,3314
27.0,3341
73.0,3414
25.0,3439
29.0,3468
26.0,3494
15.0,3509
15.0,3524
10.0,3534
17.0,3551
49.0,3600
25.0,3625
41.0,3666
9.0,3675
32.0,3707
39.0,3746
18.0,3764
29.0,3793
70.0,3863
48.0,3911
15.0,3926
27.0,3953
13.0,3966
63.0,4029
27.0,4056
24.0,4080
92.0,4172
27.0,4199
31.0,4230
14.0,4244
77.0,4321
34.0,4355
18.0,4373
15.0,4388
15.0,4403
32.0,4435
60.0,4495
82.0,4577
46.0,4623
30.0,4653
13.0,4666
44.0,4710
71.0,4781
68.0,4849
54.0,4903
24.0,4927
14.0,4941
21.0,4962
44.0,5006
80.0,5086
32.0,5118
11.0,5129
34.0,5163
19.0,5182
16.0,5198
11.0,5209
17.0,5226
20.0,5246
15.0,5261
47.0,5308
42.0,5350
78.0,5428
20.0,5448
22.0,5470
13.0,5483
57.0,5540
53.0,5593
10.0,5603
28.0,5631
31.0,5662
26.0,5688
9.0,5697
23.0,5720
19.0,5739
28.0,5767
114.0,5881
28.0,5909
26.0,5935
21.0,5956
71.0,6027
78.0,6105
19.0,6124
27.0,6151
29.0,6180
57.0,6237
34.0,6271
91.0,6362
12.0,6374
36.0,6410
75.0,6485
18.0,6503
14.0,6517
108.0,6625
17.0,6642
29.0,6671
15.0,6686
15.0,6701
39.0,6740
39.0,6779
105.0,6884
100.0,6984
32.0,7016
18.0,7034
19.0,7053
51.0,7104
22.0,7126
11.0,7137
22.0,7159
23.0,7182
37.0,7219
57.0,7276
10.0,7286
30.0,7316
11.0,7327
115.0,7442
147.0,7589
28.0,7617
92.0,7709
30.0,7739
12.0,7751
55.0,7806
51.0,7857
77.0,7934
30.0,7964
18.0,7982
77.0,8059
17.0,8076
14.0,8090
30.0,8120
25.0,8145
31.0,8176
35.0,8211
82.0,8293
36.0,8329
64.0,8393
181.0,8574
11.0,8585
215.0,8800
59.0,8859
17.0,8876
15.0,8891
30.0,8921
52.0,8973
114.0,9087
54.0,9141
33.0,9174
117.0,9291
94.0,9385
23.0,9408
24.0,9432
15.0,9447
23.0,9470
13.0,9483
148.0,9631
14.0,9645
27.0,9672
47.0,9719
17.0,9736
26.0,9762
36.0,9798
19.0,9817
86.0,9903
116.0,10019
379.0,10398
19.0,10417
79.0,10496
140.0,10636
34.0,10670
40.0,10710
38.0,10748
85.0,10833
82.0,10915
35.0,10950
143.0,11093
10.0,11103
184.0,11287
15.0,11302
94.0,11396
71.0,11467
22.0,11489
14.0,11503
372.0,11875
11.0,11886
11.0,11897
12.0,11909
13.0,11922
134.0,12056
21.0,12077
17.0,12094
14.0,12108
88.0,12196
15.0,12211
109.0,12320
124.0,12444
294.0,12738
75.0,12813
382.0,13195
13.0,13208
54.0,13262
232.0,13494
13.0,13507
31.0,13538
85.0,13623
162.0,13785
473.0,14258
327.0,14585
27.0,14612
10.0,14622
162.0,14784
58.0,14842
17.0,14859
251.0,15110
85.0,15195
237.0,15432
215.0,15647
428.0,16075
83.0,16158
284.0,16442
299.0,16741
16.0,16757
156.0,16913
16.0,16929
265.0,17194
411.0,17605
120.0,17725
146.0,17871
128.0,17999
140.0,18139
138.0,18277
500.0,18777
278.0,19055
144.0,19199
500.0,19699
138.0,19837
500.0,20337
137.0,20474
130.0,20604
256.0,20860
121.0,20981
129.0,21110
126.0,21236
151.0,21387
500.0,21887
460.0,22347
500.0,22847
500.0,23347
500.0,23847
500.0,24347
500.0,24847
500.0,25347
500.0,25847
500.0,26347
290.0,26637
500.0,27137
500.0,27637
500.0,28137
500.0,28637
500.0,29137
500.0,29637
500.0,30137
500.0,30637
500.0,31137
500.0,31637
500.0,32137
500.0,32637
233.0,32870
222.0,33092
178.0,33270
212.0,33482
243.0,33725
176.0,33901
167.0,34068
194.0,34262
223.0,34485
287.0,34772
193.0,34965
177.0,35142
156.0,35298
210.0,35508
242.0,35750
481.0,36231
402.0,36633
500.0,37133
477.0,37610
500.0,38110
500.0,38610
444.0,39054
410.0,39464
500.0,39964
36.0,40000
