score,time_step
11.0,11
19.0,30
16.0,46
21.0,67
14.0,81
15.0,96
34.0,130
14.0,144
11.0,155
25.0,180
16.0,196
40.0,236
17.0,253
18.0,271
29.0,300
13.0,313
31.0,344
24.0,368
13.0,381
12.0,393
27.0,420
40.0,460
25.0,485
66.0,551
10.0,561
76.0,637
10.0,647
35.0,682
37.0,719
33.0,752
20.0,772
10.0,782
21.0,803
13.0,816
21.0,837
27.0,864
51.0,915
13.0,928
33.0,961
18.0,979
23.0,1002
15.0,1017
47.0,1064
16.0,1080
32.0,1112
10.0,1122
18.0,1140
16.0,1156
58.0,1214
17.0,1231
24.0,1255
22.0,1277
30.0,1307
17.0,1324
48.0,1372
18.0,1390
25.0,1415
18.0,1433
47.0,1480
28.0,1508
18.0,1526
45.0,1571
16.0,1587
27.0,1614
67.0,1681
49.0,1730
9.0,1739
49.0,1788
32.0,1820
17.0,1837
15.0,1852
15.0,1867
16.0,1883
14.0,1897
13.0,1910
34.0,1944
13.0,1957
26.0,1983
35.0,2018
58.0,2076
15.0,2091
18.0,2109
24.0,2133
18.0,2151
14.0,2165
30.0,2195
23.0,2218
54.0,2272
23.0,2295
29.0,2324
20.0,2344
41.0,2385
42.0,2427
31.0,2458
43.0,2501
28.0,2529
50.0,2579
9.0,2588
33.0,2621
38.0,2659
21.0,2680
13.0,2693
32.0,2725
29.0,2754
21.0,2775
22.0,2797
13.0,2810
13.0,2823
51.0,2874
19.0,2893
30.0,2923
18.0,2941
13.0,2954
19.0,2973
23.0,2996
48.0,3044
10.0,3054
28.0,3082
20.0,3102
17.0,3119
58.0,3177
67.0,3244
18.0,3262
32.0,3294
22.0,3316
43.0,3359
162.0,3521
17.0,3538
68.0,3606
11.0,3617
32.0,3649
46.0,3695
19.0,3714
13.0,3727
35.0,3762
19.0,3781
27.0,3808
27.0,3835
17.0,3852
23.0,3875
14.0,3889
28.0,3917
14.0,3931
25.0,3956
44.0,4000
13.0,4013
56.0,4069
34.0,4103
19.0,4122
21.0,4143
33.0,4176
74.0,4250
53.0,4303
43.0,4346
84.0,4430
44.0,4474
22.0,4496
109.0,4605
45.0,4650
26.0,4676
28.0,4704
14.0,4718
98.0,4816
9.0,4825
17.0,4842
17.0,4859
18.0,4877
38.0,4915
20.0,4935
96.0,5031
74.0,5105
28.0,5133
31.0,5164
27.0,5191
25.0,5216
83.0,5299
21.0,5320
16.0,5336
57.0,5393
96.0,5489
18.0,5507
40.0,5547
12.0,5559
12.0,5571
44.0,5615
12.0,5627
25.0,5652
22.0,5674
14.0,5688
49.0,5737
53.0,5790
13.0,5803
23.0,5826
141.0,5967
43.0,6010
78.0,6088
55.0,6143
10.0,6153
12.0,6165
32.0,6197
33.0,6230
13.0,6243
99.0,6342
29.0,6371
21.0,6392
30.0,6422
19.0,6441
15.0,6456
19.0,6475
24.0,6499
15.0,6514
16.0,6530
49.0,6579
34.0,6613
20.0,6633
11.0,6644
19.0,6663
48.0,6711
96.0,6807
20.0,6827
13.0,6840
20.0,6860
98.0,6958
19.0,6977
59.0,7036
19.0,7055
19.0,7074
30.0,7104
10.0,7114
11.0,7125
15.0,7140
10.0,7150
88.0,7238
42.0,7280
54.0,7334
18.0,7352
10.0,7362
35.0,7397
15.0,7412
18.0,7430
83.0,7513
24.0,7537
78.0,7615
18.0,7633
32.0,7665
20.0,7685
33.0,7718
15.0,7733
13.0,7746
104.0,7850
15.0,7865
42.0,7907
16.0,7923
13.0,7936
15.0,7951
18.0,7969
34.0,8003
18.0,8021
24.0,8045
131.0,8176
22.0,8198
26.0,8224
11.0,8235
16.0,8251
104.0,8355
27.0,8382
14.0,8396
99.0,8495
15.0,8510
19.0,8529
38.0,8567
172.0,8739
14.0,8753
38.0,8791
10.0,8801
15.0,8816
134.0,8950
46.0,8996
28.0,9024
15.0,9039
24.0,9063
186.0,9249
13.0,9262
14.0,9276
14.0,9290
12.0,9302
15.0,9317
27.0,9344
15.0,9359
37.0,9396
26.0,9422
24.0,9446
21.0,9467
15.0,9482
19.0,9501
14.0,9515
84.0,9599
19.0,9618
56.0,9674
13.0,9687
45.0,9732
25.0,9757
14.0,9771
14.0,9785
23.0,9808
53.0,9861
37.0,9898
58.0,9956
15.0,9971
67.0,10038
21.0,10059
132.0,10191
12.0,10203
76.0,10279
75.0,10354
151.0,10505
114.0,10619
394.0,11013
20.0,11033
27.0,11060
18.0,11078
17.0,11095
77.0,11172
14.0,11186
34.0,11220
175.0,11395
130.0,11525
17.0,11542
38.0,11580
31.0,11611
86.0,11697
28.0,11725
15.0,11740
14.0,11754
271.0,12025
43.0,12068
145.0,12213
14.0,12227
28.0,12255
62.0,12317
40.0,12357
40.0,12397
12.0,12409
15.0,12424
11.0,12435
20.0,12455
115.0,12570
11.0,12581
19.0,12600
43.0,12643
59.0,12702
60.0,12762
243.0,13005
16.0,13021
43.0,13064
284.0,13348
141.0,13489
90.0,13579
200.0,13779
18.0,13797
253.0,14050
111.0,14161
42.0,14203
29.0,14232
117.0,14349
58.0,14407
121.0,14528
17.0,14545
11.0,14556
138.0,14694
27.0,14721
210.0,14931
145.0,15076
256.0,15332
145.0,15477
108.0,15585
229.0,15814
130.0,15944
116.0,16060
20.0,16080
239.0,16319
141.0,16460
238.0,16698
172.0,16870
130.0,17000
141.0,17141
138.0,17279
134.0,17413
169.0,17582
18.0,17600
233.0,17833
341.0,18174
157.0,18331
15.0,18346
142.0,18488
264.0,18752
268.0,19020
364.0,19384
238.0,19622
225.0,19847
252.0,20099
249.0,20348
223.0,20571
269.0,20840
317.0,21157
137.0,21294
136.0,21430
146.0,21576
139.0,21715
136.0,21851
231.0,22082
152.0,22234
147.0,22381
142.0,22523
133.0,22656
140.0,22796
138.0,22934
153.0,23087
139.0,23226
137.0,23363
131.0,23494
131.0,23625
139.0,23764
139.0,23903
146.0,24049
148.0,24197
143.0,24340
180.0,24520
222.0,24742
211.0,24953
448.0,25401
177.0,25578
402.0,25980
374.0,26354
491.0,26845
500.0,27345
500.0,27845
500.0,28345
500.0,28845
500.0,29345
500.0,29845
500.0,30345
500.0,30845
500.0,31345
500.0,31845
500.0,32345
500.0,32845
500.0,33345
500.0,33845
500.0,34345
500.0,34845
188.0,35033
139.0,35172
148.0,35320
175.0,35495
500.0,35995
500.0,36495
500.0,36995
13.0,37008
500.0,37508
180.0,37688
184.0,37872
158.0,38030
171.0,38201
174.0,38375
500.0,38875
500.0,39375
291.0,39666
334.0,40000
