score,time_step
14.0,14
31.0,45
16.0,61
64.0,125
23.0,148
19.0,167
13.0,180
35.0,215
13.0,228
14.0,242
15.0,257
21.0,278
17.0,295
39.0,334
12.0,346
16.0,362
9.0,371
18.0,389
15.0,404
14.0,418
12.0,430
49.0,479
18.0,497
30.0,527
50.0,577
27.0,604
16.0,620
25.0,645
13.0,658
13.0,671
46.0,717
13.0,730
16.0,746
19.0,765
17.0,782
12.0,794
42.0,836
17.0,853
10.0,863
11.0,874
62.0,936
26.0,962
27.0,989
18.0,1007
9.0,1016
26.0,1042
65.0,1107
17.0,1124
13.0,1137
37.0,1174
17.0,1191
14.0,1205
32.0,1237
24.0,1261
11.0,1272
37.0,1309
12.0,1321
27.0,1348
19.0,1367
33.0,1400
14.0,1414
22.0,1436
18.0,1454
36.0,1490
38.0,1528
27.0,1555
18.0,1573
18.0,1591
9.0,1600
20.0,1620
23.0,1643
72.0,1715
9.0,1724
32.0,1756
18.0,1774
12.0,1786
71.0,1857
23.0,1880
18.0,1898
25.0,1923
18.0,1941
31.0,1972
20.0,1992
17.0,2009
21.0,2030
27.0,2057
13.0,2070
57.0,2127
22.0,2149
19.0,2168
23.0,2191
11.0,2202
10.0,2212
30.0,2242
44.0,2286
71.0,2357
14.0,2371
109.0,2480
19.0,2499
13.0,2512
23.0,2535
19.0,2554
15.0,2569
19.0,2588
12.0,2600
35.0,2635
21.0,2656
22.0,2678
9.0,2687
22.0,2709
23.0,2732
21.0,2753
54.0,2807
35.0,2842
42.0,2884
17.0,2901
20.0,2921
47.0,2968
29.0,2997
18.0,3015
25.0,3040
17.0,3057
40.0,3097
15.0,3112
11.0,3123
18.0,3141
52.0,3193
32.0,3225
26.0,3251
13.0,3264
45.0,3309
14.0,3323
44.0,3367
20.0,3387
24.0,3411
11.0,3422
35.0,3457
92.0,3549
97.0,3646
23.0,3669
25.0,3694
14.0,3708
17.0,3725
13.0,3738
12.0,3750
16.0,3766
13.0,3779
21.0,3800
43.0,3843
23.0,3866
24.0,3890
11.0,3901
25.0,3926
15.0,3941
25.0,3966
23.0,3989
47.0,4036
14.0,4050
13.0,4063
21.0,4084
28.0,4112
40.0,4152
29.0,4181
21.0,4202
15.0,4217
41.0,4258
29.0,4287
18.0,4305
19.0,4324
21.0,4345
18.0,4363
15.0,4378
14.0,4392
12.0,4404
27.0,4431
16.0,4447
156.0,4603
10.0,4613
11.0,4624
27.0,4651
21.0,4672
11.0,4683
36.0,4719
17.0,4736
145.0,4881
23.0,4904
75.0,4979
50.0,5029
33.0,5062
19.0,5081
65.0,5146
54.0,5200
17.0,5217
9.0,5226
41.0,5267
35.0,5302
17.0,5319
27.0,5346
25.0,5371
42.0,5413
12.0,5425
29.0,5454
15.0,5469
14.0,5483
17.0,5500
19.0,5519
11.0,5530
21.0,5551
12.0,5563
16.0,5579
52.0,5631
37.0,5668
68.0,5736
66.0,5802
103.0,5905
40.0,5945
22.0,5967
17.0,5984
13.0,5997
19.0,6016
63.0,6079
63.0,6142
41.0,6183
14.0,6197
39.0,6236
14.0,6250
19.0,6269
34.0,6303
51.0,6354
61.0,6415
45.0,6460
15.0,6475
55.0,6530
36.0,6566
34.0,6600
42.0,6642
13.0,6655
20.0,6675
105.0,6780
15.0,6795
36.0,6831
17.0,6848
22.0,6870
33.0,6903
25.0,6928
18.0,6946
11.0,6957
15.0,6972
47.0,7019
45.0,7064
17.0,7081
121.0,7202
11.0,7213
15.0,7228
42.0,7270
13.0,7283
62.0,7345
12.0,7357
27.0,7384
109.0,7493
28.0,7521
21.0,7542
53.0,7595
21.0,7616
44.0,7660
43.0,7703
14.0,7717
90.0,7807
29.0,7836
44.0,7880
70.0,7950
16.0,7966
72.0,8038
17.0,8055
28.0,8083
11.0,8094
56.0,8150
16.0,8166
17.0,8183
27.0,8210
36.0,8246
85.0,8331
57.0,8388
29.0,8417
58.0,8475
52.0,8527
25.0,8552
42.0,8594
51.0,8645
23.0,8668
32.0,8700
165.0,8865
67.0,8932
155.0,9087
9.0,9096
20.0,9116
20.0,9136
55.0,9191
13.0,9204
17.0,9221
29.0,9250
15.0,9265
14.0,9279
17.0,9296
19.0,9315
13.0,9328
27.0,9355
137.0,9492
20.0,9512
16.0,9528
17.0,9545
18.0,9563
22.0,9585
20.0,9605
20.0,9625
21.0,9646
50.0,9696
77.0,9773
65.0,9838
16.0,9854
19.0,9873
9.0,9882
18.0,9900
53.0,9953
14.0,9967
34.0,10001
19.0,10020
42.0,10062
16.0,10078
114.0,10192
58.0,10250
15.0,10265
57.0,10322
18.0,10340
14.0,10354
105.0,10459
117.0,10576
133.0,10709
32.0,10741
69.0,10810
18.0,10828
38.0,10866
132.0,10998
51.0,11049
59.0,11108
31.0,11139
151.0,11290
82.0,11372
192.0,11564
16.0,11580
109.0,11689
114.0,11803
19.0,11822
55.0,11877
48.0,11925
105.0,12030
26.0,12056
36.0,12092
11.0,12103
11.0,12114
11.0,12125
20.0,12145
17.0,12162
115.0,12277
26.0,12303
42.0,12345
13.0,12358
112.0,12470
14.0,12484
15.0,12499
17.0,12516
115.0,12631
33.0,12664
108.0,12772
13.0,12785
18.0,12803
112.0,12915
17.0,12932
21.0,12953
15.0,12968
121.0,13089
114.0,13203
19.0,13222
113.0,13335
15.0,13350
16.0,13366
40.0,13406
128.0,13534
30.0,13564
17.0,13581
13.0,13594
15.0,13609
97.0,13706
119.0,13825
18.0,13843
21.0,13864
120.0,13984
108.0,14092
113.0,14205
12.0,14217
24.0,14241
100.0,14341
105.0,14446
102.0,14548
109.0,14657
95.0,14752
42.0,14794
38.0,14832
22.0,14854
33.0,14887
11.0,14898
102.0,15000
105.0,15105
108.0,15213
108.0,15321
15.0,15336
116.0,15452
118.0,15570
100.0,15670
31.0,15701
115.0,15816
111.0,15927
113.0,16040
333.0,16373
489.0,16862
246.0,17108
129.0,17237
193.0,17430
159.0,17589
162.0,17751
108.0,17859
16.0,17875
52.0,17927
57.0,17984
103.0,18087
99.0,18186
105.0,18291
115.0,18406
140.0,18546
199.0,18745
319.0,19064
205.0,19269
158.0,19427
144.0,19571
181.0,19752
146.0,19898
128.0,20026
302.0,20328
240.0,20568
239.0,20807
206.0,21013
226.0,21239
150.0,21389
129.0,21518
130.0,21648
137.0,21785
132.0,21917
12.0,21929
161.0,22090
140.0,22230
147.0,22377
125.0,22502
128.0,22630
138.0,22768
144.0,22912
158.0,23070
161.0,23231
151.0,23382
146.0,23528
148.0,23676
150.0,23826
148.0,23974
162.0,24136
160.0,24296
151.0,24447
157.0,24604
143.0,24747
159.0,24906
157.0,25063
159.0,25222
157.0,25379
148.0,25527
154.0,25681
147.0,25828
159.0,25987
151.0,26138
163.0,26301
148.0,26449
148.0,26597
153.0,26750
140.0,26890
145.0,27035
153.0,27188
176.0,27364
172.0,27536
172.0,27708
169.0,27877
156.0,28033
147.0,28180
157.0,28337
161.0,28498
152.0,28650
163.0,28813
150.0,28963
140.0,29103
134.0,29237
154.0,29391
181.0,29572
500.0,30072
500.0,30572
500.0,31072
500.0,31572
500.0,32072
500.0,32572
500.0,33072
500.0,33572
500.0,34072
500.0,34572
500.0,35072
500.0,35572
500.0,36072
500.0,36572
500.0,37072
500.0,37572
500.0,38072
500.0,38572
500.0,39072
500.0,39572
428.0,40000
