score,time_step
35.0,35
28.0,63
33.0,96
41.0,137
10.0,147
16.0,163
16.0,179
27.0,206
20.0,226
11.0,237
29.0,266
16.0,282
17.0,299
12.0,311
21.0,332
26.0,358
12.0,370
14.0,384
12.0,396
17.0,413
22.0,435
19.0,454
33.0,487
16.0,503
16.0,519
24.0,543
14.0,557
20.0,577
12.0,589
38.0,627
22.0,649
20.0,669
10.0,679
29.0,708
11.0,719
14.0,733
34.0,767
25.0,792
38.0,830
42.0,872
30.0,902
31.0,933
59.0,992
21.0,1013
18.0,1031
14.0,1045
12.0,1057
32.0,1089
16.0,1105
41.0,1146
34.0,1180
17.0,1197
13.0,1210
15.0,1225
27.0,1252
13.0,1265
19.0,1284
74.0,1358
13.0,1371
23.0,1394
23.0,1417
14.0,1431
44.0,1475
40.0,1515
11.0,1526
14.0,1540
15.0,1555
22.0,1577
15.0,1592
20.0,1612
25.0,1637
14.0,1651
15.0,1666
54.0,1720
18.0,1738
12.0,1750
12.0,1762
33.0,1795
17.0,1812
23.0,1835
32.0,1867
31.0,1898
32.0,1930
34.0,1964
16.0,1980
28.0,2008
55.0,2063
46.0,2109
25.0,2134
16.0,2150
16.0,2166
16.0,2182
47.0,2229
12.0,2241
53.0,2294
12.0,2306
14.0,2320
17.0,2337
54.0,2391
14.0,2405
14.0,2419
24.0,2443
21.0,2464
12.0,2476
13.0,2489
20.0,2509
34.0,2543
31.0,2574
16.0,2590
26.0,2616
21.0,2637
53.0,2690
15.0,2705
13.0,2718
20.0,2738
34.0,2772
16.0,2788
86.0,2874
62.0,2936
13.0,2949
24.0,2973
12.0,2985
27.0,3012
36.0,3048
29.0,3077
52.0,3129
16.0,3145
17.0,3162
18.0,3180
19.0,3199
19.0,3218
77.0,3295
22.0,3317
30.0,3347
21.0,3368
22.0,3390
49.0,3439
14.0,3453
17.0,3470
11.0,3481
20.0,3501
10.0,3511
24.0,3535
17.0,3552
11.0,3563
33.0,3596
23.0,3619
22.0,3641
17.0,3658
9.0,3667
89.0,3756
39.0,3795
38.0,3833
23.0,3856
17.0,3873
19.0,3892
15.0,3907
15.0,3922
15.0,3937
59.0,3996
28.0,4024
30.0,4054
22.0,4076
102.0,4178
81.0,4259
18.0,4277
31.0,4308
11.0,4319
21.0,4340
50.0,4390
15.0,4405
22.0,4427
23.0,4450
40.0,4490
26.0,4516
149.0,4665
53.0,4718
36.0,4754
12.0,4766
23.0,4789
14.0,4803
16.0,4819
63.0,4882
29.0,4911
18.0,4929
31.0,4960
11.0,4971
23.0,4994
53.0,5047
37.0,5084
19.0,5103
40.0,5143
15.0,5158
14.0,5172
32.0,5204
40.0,5244
22.0,5266
15.0,5281
22.0,5303
11.0,5314
75.0,5389
76.0,5465
14.0,5479
17.0,5496
15.0,5511
40.0,5551
44.0,5595
29.0,5624
106.0,5730
11.0,5741
18.0,5759
15.0,5774
21.0,5795
42.0,5837
20.0,5857
17.0,5874
16.0,5890
17.0,5907
10.0,5917
13.0,5930
11.0,5941
61.0,6002
42.0,6044
16.0,6060
26.0,6086
118.0,6204
29.0,6233
54.0,6287
63.0,6350
32.0,6382
32.0,6414
44.0,6458
27.0,6485
40.0,6525
26.0,6551
23.0,6574
13.0,6587
116.0,6703
44.0,6747
62.0,6809
27.0,6836
31.0,6867
43.0,6910
12.0,6922
16.0,6938
41.0,6979
28.0,7007
25.0,7032
11.0,7043
133.0,7176
20.0,7196
47.0,7243
41.0,7284
26.0,7310
21.0,7331
24.0,7355
45.0,7400
31.0,7431
18.0,7449
18.0,7467
15.0,7482
29.0,7511
32.0,7543
24.0,7567
87.0,7654
43.0,7697
13.0,7710
12.0,7722
38.0,7760
67.0,7827
30.0,7857
23.0,7880
31.0,7911
36.0,7947
19.0,7966
18.0,7984
15.0,7999
31.0,8030
31.0,8061
95.0,8156
111.0,8267
12.0,8279
22.0,8301
45.0,8346
48.0,8394
21.0,8415
39.0,8454
20.0,8474
69.0,8543
18.0,8561
15.0,8576
29.0,8605
39.0,8644
62.0,8706
19.0,8725
14.0,8739
112.0,8851
19.0,8870
42.0,8912
56.0,8968
40.0,9008
27.0,9035
25.0,9060
51.0,9111
73.0,9184
87.0,9271
18.0,9289
24.0,9313
18.0,9331
15.0,9346
16.0,9362
18.0,9380
15.0,9395
114.0,9509
22.0,9531
20.0,9551
27.0,9578
85.0,9663
19.0,9682
12.0,9694
40.0,9734
125.0,9859
12.0,9871
104.0,9975
100.0,10075
105.0,10180
92.0,10272
27.0,10299
66.0,10365
108.0,10473
53.0,10526
113.0,10639
80.0,10719
12.0,10731
19.0,10750
122.0,10872
13.0,10885
14.0,10899
41.0,10940
17.0,10957
100.0,11057
38.0,11095
19.0,11114
116.0,11230
17.0,11247
95.0,11342
19.0,11361
41.0,11402
14.0,11416
148.0,11564
53.0,11617
161.0,11778
62.0,11840
126.0,11966
137.0,12103
277.0,12380
20.0,12400
117.0,12517
353.0,12870
17.0,12887
17.0,12904
158.0,13062
19.0,13081
17.0,13098
23.0,13121
62.0,13183
32.0,13215
123.0,13338
85.0,13423
252.0,13675
369.0,14044
210.0,14254
215.0,14469
286.0,14755
500.0,15255
119.0,15374
500.0,15874
500.0,16374
500.0,16874
500.0,17374
500.0,17874
500.0,18374
500.0,18874
500.0,19374
500.0,19874
500.0,20374
500.0,20874
500.0,21374
500.0,21874
500.0,22374
500.0,22874
500.0,23374
500.0,23874
500.0,24374
500.0,24874
500.0,25374
500.0,25874
500.0,26374
500.0,26874
500.0,27374
364.0,27738
366.0,28104
453.0,28557
500.0,29057
500.0,29557
412.0,29969
298.0,30267
339.0,30606
183.0,30789
173.0,30962
240.0,31202
500.0,31702
333.0,32035
500.0,32535
500.0,33035
500.0,33535
500.0,34035
260.0,34295
500.0,34795
500.0,35295
500.0,35795
500.0,36295
500.0,36795
13.0,36808
500.0,37308
494.0,37802
329.0,38131
228.0,38359
500.0,38859
195.0,39054
500.0,39554
197.0,39751
199.0,39950
50.0,40000
