score,time_step
13.0,13
22.0,35
11.0,46
49.0,95
23.0,118
25.0,143
12.0,155
52.0,207
48.0,255
18.0,273
20.0,293
20.0,313
17.0,330
32.0,362
15.0,377
35.0,412
20.0,432
15.0,447
51.0,498
40.0,538
15.0,553
50.0,603
26.0,629
16.0,645
25.0,670
21.0,691
20.0,711
14.0,725
14.0,739
23.0,762
15.0,777
20.0,797
12.0,809
16.0,825
44.0,869
58.0,927
20.0,947
28.0,975
16.0,991
88.0,1079
27.0,1106
17.0,1123
13.0,1136
38.0,1174
21.0,1195
51.0,1246
27.0,1273
15.0,1288
22.0,1310
10.0,1320
22.0,1342
20.0,1362
28.0,1390
16.0,1406
19.0,1425
23.0,1448
30.0,1478
31.0,1509
10.0,1519
10.0,1529
43.0,1572
21.0,1593
28.0,1621
22.0,1643
26.0,1669
14.0,1683
21.0,1704
34.0,1738
14.0,1752
19.0,1771
19.0,1790
25.0,1815
10.0,1825
17.0,1842
41.0,1883
11.0,1894
65.0,1959
23.0,1982
50.0,2032
68.0,2100
35.0,2135
34.0,2169
12.0,2181
31.0,2212
81.0,2293
63.0,2356
27.0,2383
16.0,2399
12.0,2411
31.0,2442
18.0,2460
39.0,2499
25.0,2524
11.0,2535
22.0,2557
19.0,2576
17.0,2593
24.0,2617
14.0,2631
15.0,2646
21.0,2667
25.0,2692
12.0,2704
12.0,2716
23.0,2739
11.0,2750
14.0,2764
63.0,2827
53.0,2880
33.0,2913
26.0,2939
31.0,2970
20.0,2990
31.0,3021
36.0,3057
61.0,3118
38.0,3156
58.0,3214
9.0,3223
26.0,3249
17.0,3266
45.0,3311
37.0,3348
33.0,3381
14.0,3395
16.0,3411
35.0,3446
13.0,3459
21.0,3480
63.0,3543
19.0,3562
15.0,3577
61.0,3638
16.0,3654
35.0,3689
11.0,3700
31.0,3731
29.0,3760
56.0,3816
43.0,3859
44.0,3903
64.0,3967
29.0,3996
21.0,4017
21.0,4038
53.0,4091
26.0,4117
18.0,4135
17.0,4152
110.0,4262
16.0,4278
27.0,4305
20.0,4325
29.0,4354
70.0,4424
19.0,4443
13.0,4456
18.0,4474
26.0,4500
16.0,4516
20.0,4536
32.0,4568
108.0,4676
18.0,4694
38.0,4732
48.0,4780
90.0,4870
23.0,4893
133.0,5026
20.0,5046
22.0,5068
22.0,5090
17.0,5107
33.0,5140
35.0,5175
29.0,5204
14.0,5218
67.0,5285
22.0,5307
22.0,5329
32.0,5361
40.0,5401
40.0,5441
25.0,5466
13.0,5479
17.0,5496
18.0,5514
19.0,5533
153.0,5686
24.0,5710
75.0,5785
16.0,5801
219.0,6020
65.0,6085
24.0,6109
18.0,6127
63.0,6190
29.0,6219
41.0,6260
82.0,6342
16.0,6358
32.0,6390
142.0,6532
54.0,6586
81.0,6667
32.0,6699
42.0,6741
32.0,6773
23.0,6796
51.0,6847
21.0,6868
28.0,6896
85.0,6981
47.0,7028
29.0,7057
46.0,7103
15.0,7118
26.0,7144
64.0,7208
17.0,7225
12.0,7237
34.0,7271
28.0,7299
80.0,7379
12.0,7391
20.0,7411
38.0,7449
13.0,7462
29.0,7491
16.0,7507
87.0,7594
44.0,7638
15.0,7653
20.0,7673
14.0,7687
38.0,7725
31.0,7756
30.0,7786
47.0,7833
25.0,7858
22.0,7880
55.0,7935
132.0,8067
16.0,8083
39.0,8122
13.0,8135
26.0,8161
103.0,8264
48.0,8312
46.0,8358
144.0,8502
29.0,8531
133.0,8664
135.0,8799
12.0,8811
16.0,8827
13.0,8840
27.0,8867
15.0,8882
12.0,8894
45.0,8939
86.0,9025
13.0,9038
18.0,9056
11.0,9067
14.0,9081
21.0,9102
33.0,9135
16.0,9151
35.0,9186
192.0,9378
11.0,9389
12.0,9401
155.0,9556
17.0,9573
19.0,9592
18.0,9610
23.0,9633
14.0,9647
39.0,9686
84.0,9770
45.0,9815
14.0,9829
26.0,9855
33.0,9888
45.0,9933
9.0,9942
280.0,10222
101.0,10323
102.0,10425
39.0,10464
158.0,10622
12.0,10634
19.0,10653
95.0,10748
22.0,10770
13.0,10783
40.0,10823
122.0,10945
179.0,11124
88.0,11212
79.0,11291
37.0,11328
81.0,11409
102.0,11511
115.0,11626
153.0,11779
22.0,11801
16.0,11817
129.0,11946
155.0,12101
36.0,12137
118.0,12255
13.0,12268
20.0,12288
70.0,12358
11.0,12369
13.0,12382
132.0,12514
121.0,12635
33.0,12668
128.0,12796
27.0,12823
122.0,12945
123.0,13068
16.0,13084
75.0,13159
55.0,13214
111.0,13325
117.0,13442
111.0,13553
120.0,13673
20.0,13693
118.0,13811
128.0,13939
128.0,14067
148.0,14215
135.0,14350
135.0,14485
21.0,14506
126.0,14632
18.0,14650
131.0,14781
12.0,14793
120.0,14913
131.0,15044
167.0,15211
148.0,15359
11.0,15370
14.0,15384
150.0,15534
124.0,15658
138.0,15796
149.0,15945
161.0,16106
140.0,16246
42.0,16288
185.0,16473
138.0,16611
126.0,16737
125.0,16862
135.0,16997
17.0,17014
120.0,17134
13.0,17147
148.0,17295
167.0,17462
179.0,17641
459.0,18100
500.0,18600
500.0,19100
500.0,19600
500.0,20100
500.0,20600
500.0,21100
500.0,21600
500.0,22100
500.0,22600
500.0,23100
500.0,23600
500.0,24100
500.0,24600
500.0,25100
500.0,25600
500.0,26100
500.0,26600
500.0,27100
500.0,27600
500.0,28100
276.0,28376
183.0,28559
177.0,28736
241.0,28977
500.0,29477
215.0,29692
186.0,29878
173.0,30051
500.0,30551
500.0,31051
500.0,31551
500.0,32051
500.0,32551
500.0,33051
500.0,33551
500.0,34051
500.0,34551
500.0,35051
500.0,35551
500.0,36051
500.0,36551
500.0,37051
500.0,37551
500.0,38051
500.0,38551
500.0,39051
500.0,39551
449.0,40000
