score,time_step
14.0,14
30.0,44
19.0,63
16.0,79
43.0,122
19.0,141
46.0,187
13.0,200
29.0,229
48.0,277
26.0,303
17.0,320
16.0,336
22.0,358
19.0,377
42.0,419
26.0,445
18.0,463
27.0,490
20.0,510
14.0,524
12.0,536
81.0,617
35.0,652
45.0,697
14.0,711
35.0,746
13.0,759
55.0,814
11.0,825
29.0,854
12.0,866
21.0,887
28.0,915
16.0,931
17.0,948
55.0,1003
18.0,1021
36.0,1057
20.0,1077
18.0,1095
40.0,1135
32.0,1167
70.0,1237
41.0,1278
21.0,1299
30.0,1329
35.0,1364
24.0,1388
15.0,1403
18.0,1421
34.0,1455
54.0,1509
18.0,1527
35.0,1562
50.0,1612
28.0,1640
15.0,1655
22.0,1677
27.0,1704
36.0,1740
16.0,1756
28.0,1784
12.0,1796
30.0,1826
8.0,1834
46.0,1880
35.0,1915
16.0,1931
34.0,1965
52.0,2017
26.0,2043
30.0,2073
18.0,2091
17.0,2108
16.0,2124
18.0,2142
43.0,2185
23.0,2208
26.0,2234
55.0,2289
23.0,2312
12.0,2324
56.0,2380
20.0,2400
46.0,2446
41.0,2487
17.0,2504
36.0,2540
27.0,2567
22.0,2589
11.0,2600
17.0,2617
24.0,2641
17.0,2658
22.0,2680
16.0,2696
32.0,2728
16.0,2744
21.0,2765
23.0,2788
30.0,2818
16.0,2834
27.0,2861
52.0,2913
20.0,2933
21.0,2954
20.0,2974
29.0,3003
35.0,3038
11.0,3049
80.0,3129
30.0,3159
19.0,3178
17.0,3195
29.0,3224
63.0,3287
36.0,3323
74.0,3397
19.0,3416
24.0,3440
33.0,3473
69.0,3542
16.0,3558
20.0,3578
18.0,3596
15.0,3611
34.0,3645
14.0,3659
27.0,3686
18.0,3704
12.0,3716
17.0,3733
16.0,3749
9.0,3758
56.0,3814
28.0,3842
11.0,3853
112.0,3965
17.0,3982
37.0,4019
29.0,4048
12.0,4060
13.0,4073
25.0,4098
67.0,4165
16.0,4181
19.0,4200
30.0,4230
20.0,4250
28.0,4278
12.0,4290
29.0,4319
64.0,4383
24.0,4407
56.0,4463
22.0,4485
29.0,4514
42.0,4556
27.0,4583
12.0,4595
22.0,4617
34.0,4651
25.0,4676
17.0,4693
14.0,4707
52.0,4759
52.0,4811
13.0,4824
103.0,4927
17.0,4944
26.0,4970
21.0,4991
42.0,5033
63.0,5096
20.0,5116
21.0,5137
15.0,5152
26.0,5178
14.0,5192
21.0,5213
48.0,5261
38.0,5299
24.0,5323
12.0,5335
41.0,5376
23.0,5399
37.0,5436
16.0,5452
30.0,5482
20.0,5502
11.0,5513
23.0,5536
39.0,5575
19.0,5594
15.0,5609
18.0,5627
18.0,5645
18.0,5663
18.0,5681
33.0,5714
21.0,5735
15.0,5750
10.0,5760
19.0,5779
18.0,5797
13.0,5810
13.0,5823
17.0,5840
44.0,5884
19.0,5903
24.0,5927
25.0,5952
53.0,6005
27.0,6032
17.0,6049
16.0,6065
19.0,6084
15.0,6099
37.0,6136
54.0,6190
25.0,6215
13.0,6228
12.0,6240
14.0,6254
23.0,6277
28.0,6305
29.0,6334
17.0,6351
16.0,6367
28.0,6395
34.0,6429
95.0,6524
77.0,6601
56.0,6657
96.0,6753
12.0,6765
15.0,6780
40.0,6820
13.0,6833
14.0,6847
31.0,6878
19.0,6897
14.0,6911
29.0,6940
13.0,6953
17.0,6970
35.0,7005
44.0,7049
12.0,7061
17.0,7078
13.0,7091
33.0,7124
30.0,7154
33.0,7187
18.0,7205
24.0,7229
16.0,7245
34.0,7279
101.0,7380
23.0,7403
119.0,7522
68.0,7590
13.0,7603
12.0,7615
33.0,7648
15.0,7663
40.0,7703
23.0,7726
88.0,7814
19.0,7833
12.0,7845
33.0,7878
21.0,7899
29.0,7928
71.0,7999
12.0,8011
15.0,8026
17.0,8043
14.0,8057
20.0,8077
26.0,8103
103.0,8206
33.0,8239
19.0,8258
34.0,8292
30.0,8322
46.0,8368
22.0,8390
21.0,8411
16.0,8427
16.0,8443
13.0,8456
15.0,8471
21.0,8492
23.0,8515
83.0,8598
95.0,8693
37.0,8730
36.0,8766
102.0,8868
16.0,8884
40.0,8924
42.0,8966
17.0,8983
38.0,9021
96.0,9117
56.0,9173
17.0,9190
101.0,9291
67.0,9358
16.0,9374
94.0,9468
44.0,9512
16.0,9528
12.0,9540
13.0,9553
16.0,9569
73.0,9642
15.0,9657
19.0,9676
18.0,9694
13.0,9707
15.0,9722
32.0,9754
17.0,9771
22.0,9793
17.0,9810
76.0,9886
13.0,9899
48.0,9947
49.0,9996
23.0,10019
121.0,10140
16.0,10156
31.0,10187
59.0,10246
118.0,10364
13.0,10377
21.0,10398
30.0,10428
13.0,10441
23.0,10464
57.0,10521
68.0,10589
12.0,10601
12.0,10613
16.0,10629
122.0,10751
36.0,10787
119.0,10906
47.0,10953
52.0,11005
105.0,11110
58.0,11168
18.0,11186
70.0,11256
80.0,11336
32.0,11368
50.0,11418
77.0,11495
113.0,11608
47.0,11655
12.0,11667
136.0,11803
58.0,11861
88.0,11949
50.0,11999
109.0,12108
59.0,12167
138.0,12305
115.0,12420
38.0,12458
35.0,12493
204.0,12697
181.0,12878
241.0,13119
358.0,13477
44.0,13521
257.0,13778
12.0,13790
21.0,13811
77.0,13888
184.0,14072
135.0,14207
57.0,14264
154.0,14418
141.0,14559
142.0,14701
141.0,14842
118.0,14960
142.0,15102
45.0,15147
181.0,15328
180.0,15508
183.0,15691
181.0,15872
165.0,16037
157.0,16194
221.0,16415
182.0,16597
189.0,16786
207.0,16993
200.0,17193
179.0,17372
291.0,17663
352.0,18015
243.0,18258
500.0,18758
500.0,19258
500.0,19758
270.0,20028
500.0,20528
240.0,20768
164.0,20932
264.0,21196
250.0,21446
500.0,21946
206.0,22152
500.0,22652
212.0,22864
500.0,23364
500.0,23864
500.0,24364
500.0,24864
500.0,25364
500.0,25864
500.0,26364
500.0,26864
500.0,27364
500.0,27864
500.0,28364
500.0,28864
303.0,29167
500.0,29667
500.0,30167
500.0,30667
500.0,31167
500.0,31667
355.0,32022
500.0,32522
500.0,33022
240.0,33262
500.0,33762
500.0,34262
500.0,34762
500.0,35262
500.0,35762
500.0,36262
500.0,36762
500.0,37262
500.0,37762
500.0,38262
500.0,38762
500.0,39262
356.0,39618
382.0,40000
