score,time_step
22.0,22
14.0,36
42.0,78
15.0,93
39.0,132
10.0,142
15.0,157
35.0,192
46.0,238
21.0,259
13.0,272
14.0,286
27.0,313
35.0,348
33.0,381
17.0,398
18.0,416
34.0,450
44.0,494
17.0,511
29.0,540
35.0,575
10.0,585
12.0,597
22.0,619
33.0,652
21.0,673
27.0,700
37.0,737
16.0,753
29.0,782
28.0,810
49.0,859
14.0,873
17.0,890
9.0,899
30.0,929
10.0,939
11.0,950
25.0,975
19.0,994
35.0,1029
17.0,1046
22.0,1068
47.0,1115
12.0,1127
37.0,1164
16.0,1180
35.0,1215
24.0,1239
13.0,1252
14.0,1266
18.0,1284
20.0,1304
17.0,1321
18.0,1339
29.0,1368
25.0,1393
14.0,1407
20.0,1427
35.0,1462
20.0,1482
12.0,1494
18.0,1512
20.0,1532
15.0,1547
11.0,1558
47.0,1605
46.0,1651
14.0,1665
21.0,1686
18.0,1704
28.0,1732
31.0,1763
13.0,1776
14.0,1790
27.0,1817
86.0,1903
16.0,1919
15.0,1934
10.0,1944
27.0,1971
9.0,1980
17.0,1997
14.0,2011
23.0,2034
19.0,2053
12.0,2065
58.0,2123
14.0,2137
16.0,2153
21.0,2174
16.0,2190
18.0,2208
33.0,2241
14.0,2255
36.0,2291
27.0,2318
24.0,2342
9.0,2351
19.0,2370
22.0,2392
41.0,2433
49.0,2482
22.0,2504
16.0,2520
13.0,2533
12.0,2545
30.0,2575
21.0,2596
17.0,2613
14.0,2627
9.0,2636
21.0,2657
17.0,2674
34.0,2708
25.0,2733
15.0,2748
57.0,2805
44.0,2849
17.0,2866
30.0,2896
35.0,2931
16.0,2947
12.0,2959
32.0,2991
12.0,3003
25.0,3028
20.0,3048
21.0,3069
98.0,3167
36.0,3203
80.0,3283
48.0,3331
33.0,3364
33.0,3397
51.0,3448
72.0,3520
39.0,3559
15.0,3574
13.0,3587
22.0,3609
22.0,3631
32.0,3663
18.0,3681
39.0,3720
14.0,3734
15.0,3749
23.0,3772
13.0,3785
15.0,3800
59.0,3859
28.0,3887
69.0,3956
64.0,4020
18.0,4038
96.0,4134
44.0,4178
15.0,4193
14.0,4207
17.0,4224
39.0,4263
19.0,4282
29.0,4311
29.0,4340
67.0,4407
29.0,4436
56.0,4492
38.0,4530
14.0,4544
18.0,4562
18.0,4580
17.0,4597
54.0,4651
13.0,4664
13.0,4677
22.0,4699
16.0,4715
21.0,4736
33.0,4769
32.0,4801
18.0,4819
40.0,4859
124.0,4983
103.0,5086
15.0,5101
30.0,5131
33.0,5164
19.0,5183
36.0,5219
42.0,5261
75.0,5336
19.0,5355
23.0,5378
13.0,5391
18.0,5409
20.0,5429
31.0,5460
22.0,5482
15.0,5497
21.0,5518
11.0,5529
17.0,5546
33.0,5579
20.0,5599
93.0,5692
58.0,5750
18.0,5768
14.0,5782
24.0,5806
15.0,5821
25.0,5846
16.0,5862
26.0,5888
19.0,5907
28.0,5935
20.0,5955
11.0,5966
27.0,5993
21.0,6014
35.0,6049
12.0,6061
30.0,6091
25.0,6116
25.0,6141
27.0,6168
41.0,6209
29.0,6238
29.0,6267
21.0,6288
93.0,6381
62.0,6443
33.0,6476
16.0,6492
10.0,6502
19.0,6521
16.0,6537
25.0,6562
18.0,6580
17.0,6597
31.0,6628
59.0,6687
16.0,6703
58.0,6761
20.0,6781
22.0,6803
12.0,6815
11.0,6826
21.0,6847
60.0,6907
104.0,7011
23.0,7034
15.0,7049
16.0,7065
46.0,7111
11.0,7122
16.0,7138
18.0,7156
110.0,7266
22.0,7288
38.0,7326
20.0,7346
16.0,7362
69.0,7431
30.0,7461
43.0,7504
50.0,7554
47.0,7601
12.0,7613
115.0,7728
17.0,7745
31.0,7776
21.0,7797
22.0,7819
16.0,7835
29.0,7864
20.0,7884
16.0,7900
21.0,7921
19.0,7940
18.0,7958
118.0,8076
88.0,8164
31.0,8195
37.0,8232
34.0,8266
22.0,8288
13.0,8301
15.0,8316
12.0,8328
129.0,8457
31.0,8488
17.0,8505
129.0,8634
25.0,8659
17.0,8676
13.0,8689
28.0,8717
101.0,8818
21.0,8839
24.0,8863
14.0,8877
10.0,8887
16.0,8903
38.0,8941
12.0,8953
15.0,8968
24.0,8992
12.0,9004
12.0,9016
40.0,9056
17.0,9073
170.0,9243
37.0,9280
21.0,9301
68.0,9369
31.0,9400
13.0,9413
18.0,9431
150.0,9581
84.0,9665
71.0,9736
24.0,9760
78.0,9838
141.0,9979
16.0,9995
11.0,10006
185.0,10191
13.0,10204
13.0,10217
11.0,10228
15.0,10243
20.0,10263
18.0,10281
124.0,10405
54.0,10459
51.0,10510
23.0,10533
140.0,10673
152.0,10825
14.0,10839
22.0,10861
126.0,10987
93.0,11080
42.0,11122
144.0,11266
131.0,11397
11.0,11408
17.0,11425
35.0,11460
55.0,11515
38.0,11553
16.0,11569
27.0,11596
13.0,11609
16.0,11625
47.0,11672
113.0,11785
84.0,11869
23.0,11892
173.0,12065
146.0,12211
144.0,12355
49.0,12404
86.0,12490
120.0,12610
13.0,12623
14.0,12637
145.0,12782
226.0,13008
179.0,13187
12.0,13199
17.0,13216
78.0,13294
234.0,13528
213.0,13741
159.0,13900
198.0,14098
21.0,14119
14.0,14133
120.0,14253
239.0,14492
194.0,14686
239.0,14925
318.0,15243
305.0,15548
53.0,15601
45.0,15646
300.0,15946
370.0,16316
228.0,16544
173.0,16717
207.0,16924
431.0,17355
358.0,17713
226.0,17939
252.0,18191
374.0,18565
150.0,18715
231.0,18946
12.0,18958
144.0,19102
171.0,19273
500.0,19773
324.0,20097
192.0,20289
191.0,20480
183.0,20663
152.0,20815
155.0,20970
226.0,21196
215.0,21411
207.0,21618
226.0,21844
237.0,22081
203.0,22284
205.0,22489
213.0,22702
312.0,23014
274.0,23288
222.0,23510
205.0,23715
204.0,23919
175.0,24094
153.0,24247
149.0,24396
91.0,24487
170.0,24657
235.0,24892
186.0,25078
177.0,25255
150.0,25405
168.0,25573
205.0,25778
500.0,26278
375.0,26653
236.0,26889
252.0,27141
231.0,27372
185.0,27557
319.0,27876
244.0,28120
500.0,28620
500.0,29120
500.0,29620
500.0,30120
500.0,30620
500.0,31120
500.0,31620
500.0,32120
500.0,32620
500.0,33120
500.0,33620
500.0,34120
500.0,34620
500.0,35120
500.0,35620
500.0,36120
500.0,36620
500.0,37120
500.0,37620
500.0,38120
500.0,38620
500.0,39120
500.0,39620
380.0,40000
